(kicad_pcb (version 20171130) (host pcbnew 5.0.1)

  (general
    (thickness 1.6)
    (drawings 4)
    (tracks 179)
    (zones 0)
    (modules 18)
    (nets 22)
  )

  (page User 150.012 150.012)
  (layers
    (0 F.Cu signal)
    (31 B.Cu signal)
    (32 B.Adhes user hide)
    (33 F.Adhes user hide)
    (34 B.Paste user hide)
    (35 F.Paste user hide)
    (36 B.SilkS user)
    (37 F.SilkS user)
    (38 B.Mask user hide)
    (39 F.Mask user hide)
    (40 Dwgs.User user hide)
    (41 Cmts.User user hide)
    (42 Eco1.User user hide)
    (43 Eco2.User user hide)
    (44 Edge.Cuts user)
    (45 Margin user hide)
    (46 B.CrtYd user hide)
    (47 F.CrtYd user hide)
    (48 B.Fab user)
    (49 F.Fab user)
  )

  (setup
    (last_trace_width 0.4)
    (user_trace_width 0.4)
    (user_trace_width 0.6)
    (user_trace_width 0.8)
    (user_trace_width 1.2)
    (user_trace_width 1.6)
    (user_trace_width 2)
    (trace_clearance 0.2)
    (zone_clearance 0.508)
    (zone_45_only no)
    (trace_min 0.2)
    (segment_width 0.2)
    (edge_width 0.15)
    (via_size 2)
    (via_drill 0.8)
    (via_min_size 0.4)
    (via_min_drill 0.3)
    (uvia_size 0.3)
    (uvia_drill 0.1)
    (uvias_allowed no)
    (uvia_min_size 0.2)
    (uvia_min_drill 0.1)
    (pcb_text_width 0.3)
    (pcb_text_size 1.5 1.5)
    (mod_edge_width 0.15)
    (mod_text_size 1 1)
    (mod_text_width 0.15)
    (pad_size 1.524 1.524)
    (pad_drill 0.762)
    (pad_to_mask_clearance 0.051)
    (solder_mask_min_width 0.25)
    (aux_axis_origin 0 0)
    (visible_elements FFFFEFFF)
    (pcbplotparams
      (layerselection 0x010fc_ffffffff)
      (usegerberextensions false)
      (usegerberattributes false)
      (usegerberadvancedattributes false)
      (creategerberjobfile false)
      (excludeedgelayer true)
      (linewidth 0.100000)
      (plotframeref false)
      (viasonmask false)
      (mode 1)
      (useauxorigin false)
      (hpglpennumber 1)
      (hpglpenspeed 20)
      (hpglpendiameter 15.000000)
      (psnegative false)
      (psa4output false)
      (plotreference true)
      (plotvalue true)
      (plotinvisibletext false)
      (padsonsilk false)
      (subtractmaskfromsilk false)
      (outputformat 1)
      (mirror false)
      (drillshape 1)
      (scaleselection 1)
      (outputdirectory ""))
  )

  (net 0 "")
  (net 1 /GPIO_0)
  (net 2 GND)
  (net 3 /GPIO_12)
  (net 4 VDD)
  (net 5 /GPIO_13)
  (net 6 /RX)
  (net 7 /TX)
  (net 8 "Net-(R-BOOT2-Pad2)")
  (net 9 "Net-(R-BOOT3-Pad2)")
  (net 10 /nRST)
  (net 11 "Net-(R-BOOT5-Pad1)")
  (net 12 "Net-(U1-Pad2)")
  (net 13 "Net-(U1-Pad13)")
  (net 14 "Net-(U1-Pad14)")
  (net 15 "Net-(U1-Pad17)")
  (net 16 "Net-(U1-Pad18)")
  (net 17 "Net-(U1-Pad19)")
  (net 18 "Net-(U1-Pad20)")
  (net 19 "Net-(U1-Pad21)")
  (net 20 "Net-(U1-Pad22)")
  (net 21 /GPIO_14)

  (net_class Default "This is the default net class."
    (clearance 0.2)
    (trace_width 0.25)
    (via_dia 2)
    (via_drill 0.8)
    (uvia_dia 0.3)
    (uvia_drill 0.1)
    (add_net /GPIO_0)
    (add_net /GPIO_12)
    (add_net /GPIO_13)
    (add_net /GPIO_14)
    (add_net /RX)
    (add_net /TX)
    (add_net /nRST)
    (add_net GND)
    (add_net "Net-(R-BOOT2-Pad2)")
    (add_net "Net-(R-BOOT3-Pad2)")
    (add_net "Net-(R-BOOT5-Pad1)")
    (add_net "Net-(U1-Pad13)")
    (add_net "Net-(U1-Pad14)")
    (add_net "Net-(U1-Pad17)")
    (add_net "Net-(U1-Pad18)")
    (add_net "Net-(U1-Pad19)")
    (add_net "Net-(U1-Pad2)")
    (add_net "Net-(U1-Pad20)")
    (add_net "Net-(U1-Pad21)")
    (add_net "Net-(U1-Pad22)")
    (add_net VDD)
  )

  (module Capacitor_SMD:C_0805_2012Metric (layer F.Cu) (tedit 5B36C52B) (tstamp 5DCBC530)
    (at 67.2525 57.38)
    (descr "Capacitor SMD 0805 (2012 Metric), square (rectangular) end terminal, IPC_7351 nominal, (Body size source: https://docs.google.com/spreadsheets/d/1BsfQQcO9C6DZCsRaXUlFlo91Tg2WpOkGARC1WS5S8t0/edit?usp=sharing), generated with kicad-footprint-generator")
    (tags capacitor)
    (path /5DB34DDB)
    (attr smd)
    (fp_text reference C-BOOT1 (at 0 -1.65) (layer F.SilkS)
      (effects (font (size 1 1) (thickness 0.15)))
    )
    (fp_text value C (at 0 1.65) (layer F.Fab)
      (effects (font (size 1 1) (thickness 0.15)))
    )
    (fp_line (start -1 0.6) (end -1 -0.6) (layer F.Fab) (width 0.1))
    (fp_line (start -1 -0.6) (end 1 -0.6) (layer F.Fab) (width 0.1))
    (fp_line (start 1 -0.6) (end 1 0.6) (layer F.Fab) (width 0.1))
    (fp_line (start 1 0.6) (end -1 0.6) (layer F.Fab) (width 0.1))
    (fp_line (start -0.258578 -0.71) (end 0.258578 -0.71) (layer F.SilkS) (width 0.12))
    (fp_line (start -0.258578 0.71) (end 0.258578 0.71) (layer F.SilkS) (width 0.12))
    (fp_line (start -1.68 0.95) (end -1.68 -0.95) (layer F.CrtYd) (width 0.05))
    (fp_line (start -1.68 -0.95) (end 1.68 -0.95) (layer F.CrtYd) (width 0.05))
    (fp_line (start 1.68 -0.95) (end 1.68 0.95) (layer F.CrtYd) (width 0.05))
    (fp_line (start 1.68 0.95) (end -1.68 0.95) (layer F.CrtYd) (width 0.05))
    (fp_text user %R (at 0 0) (layer F.Fab)
      (effects (font (size 0.5 0.5) (thickness 0.08)))
    )
    (pad 1 smd roundrect (at -0.9375 0) (size 0.975 1.4) (layers F.Cu F.Paste F.Mask) (roundrect_rratio 0.25)
      (net 1 /GPIO_0))
    (pad 2 smd roundrect (at 0.9375 0) (size 0.975 1.4) (layers F.Cu F.Paste F.Mask) (roundrect_rratio 0.25)
      (net 2 GND))
    (model ${KISYS3DMOD}/Capacitor_SMD.3dshapes/C_0805_2012Metric.wrl
      (at (xyz 0 0 0))
      (scale (xyz 1 1 1))
      (rotate (xyz 0 0 0))
    )
  )

  (module Capacitor_SMD:C_0805_2012Metric (layer F.Cu) (tedit 5B36C52B) (tstamp 5DCBC541)
    (at 40.0925 66.19 180)
    (descr "Capacitor SMD 0805 (2012 Metric), square (rectangular) end terminal, IPC_7351 nominal, (Body size source: https://docs.google.com/spreadsheets/d/1BsfQQcO9C6DZCsRaXUlFlo91Tg2WpOkGARC1WS5S8t0/edit?usp=sharing), generated with kicad-footprint-generator")
    (tags capacitor)
    (path /5DB45312)
    (attr smd)
    (fp_text reference C-MAGNET1 (at 0 -1.65 180) (layer F.SilkS)
      (effects (font (size 1 1) (thickness 0.15)))
    )
    (fp_text value C (at 0 1.65 180) (layer F.Fab)
      (effects (font (size 1 1) (thickness 0.15)))
    )
    (fp_line (start -1 0.6) (end -1 -0.6) (layer F.Fab) (width 0.1))
    (fp_line (start -1 -0.6) (end 1 -0.6) (layer F.Fab) (width 0.1))
    (fp_line (start 1 -0.6) (end 1 0.6) (layer F.Fab) (width 0.1))
    (fp_line (start 1 0.6) (end -1 0.6) (layer F.Fab) (width 0.1))
    (fp_line (start -0.258578 -0.71) (end 0.258578 -0.71) (layer F.SilkS) (width 0.12))
    (fp_line (start -0.258578 0.71) (end 0.258578 0.71) (layer F.SilkS) (width 0.12))
    (fp_line (start -1.68 0.95) (end -1.68 -0.95) (layer F.CrtYd) (width 0.05))
    (fp_line (start -1.68 -0.95) (end 1.68 -0.95) (layer F.CrtYd) (width 0.05))
    (fp_line (start 1.68 -0.95) (end 1.68 0.95) (layer F.CrtYd) (width 0.05))
    (fp_line (start 1.68 0.95) (end -1.68 0.95) (layer F.CrtYd) (width 0.05))
    (fp_text user %R (at 0 0 180) (layer F.Fab)
      (effects (font (size 0.5 0.5) (thickness 0.08)))
    )
    (pad 1 smd roundrect (at -0.9375 0 180) (size 0.975 1.4) (layers F.Cu F.Paste F.Mask) (roundrect_rratio 0.25)
      (net 3 /GPIO_12))
    (pad 2 smd roundrect (at 0.9375 0 180) (size 0.975 1.4) (layers F.Cu F.Paste F.Mask) (roundrect_rratio 0.25)
      (net 2 GND))
    (model ${KISYS3DMOD}/Capacitor_SMD.3dshapes/C_0805_2012Metric.wrl
      (at (xyz 0 0 0))
      (scale (xyz 1 1 1))
      (rotate (xyz 0 0 0))
    )
  )

  (module Capacitor_SMD:C_0805_2012Metric (layer F.Cu) (tedit 5B36C52B) (tstamp 5DCBC552)
    (at 61.64 70.8075 270)
    (descr "Capacitor SMD 0805 (2012 Metric), square (rectangular) end terminal, IPC_7351 nominal, (Body size source: https://docs.google.com/spreadsheets/d/1BsfQQcO9C6DZCsRaXUlFlo91Tg2WpOkGARC1WS5S8t0/edit?usp=sharing), generated with kicad-footprint-generator")
    (tags capacitor)
    (path /5DB4523C)
    (attr smd)
    (fp_text reference C-PIR1 (at 0 -1.65 270) (layer F.SilkS)
      (effects (font (size 1 1) (thickness 0.15)))
    )
    (fp_text value C (at 0 1.65 270) (layer F.Fab)
      (effects (font (size 1 1) (thickness 0.15)))
    )
    (fp_text user %R (at 0 0 270) (layer F.Fab)
      (effects (font (size 0.5 0.5) (thickness 0.08)))
    )
    (fp_line (start 1.68 0.95) (end -1.68 0.95) (layer F.CrtYd) (width 0.05))
    (fp_line (start 1.68 -0.95) (end 1.68 0.95) (layer F.CrtYd) (width 0.05))
    (fp_line (start -1.68 -0.95) (end 1.68 -0.95) (layer F.CrtYd) (width 0.05))
    (fp_line (start -1.68 0.95) (end -1.68 -0.95) (layer F.CrtYd) (width 0.05))
    (fp_line (start -0.258578 0.71) (end 0.258578 0.71) (layer F.SilkS) (width 0.12))
    (fp_line (start -0.258578 -0.71) (end 0.258578 -0.71) (layer F.SilkS) (width 0.12))
    (fp_line (start 1 0.6) (end -1 0.6) (layer F.Fab) (width 0.1))
    (fp_line (start 1 -0.6) (end 1 0.6) (layer F.Fab) (width 0.1))
    (fp_line (start -1 -0.6) (end 1 -0.6) (layer F.Fab) (width 0.1))
    (fp_line (start -1 0.6) (end -1 -0.6) (layer F.Fab) (width 0.1))
    (pad 2 smd roundrect (at 0.9375 0 270) (size 0.975 1.4) (layers F.Cu F.Paste F.Mask) (roundrect_rratio 0.25)
      (net 2 GND))
    (pad 1 smd roundrect (at -0.9375 0 270) (size 0.975 1.4) (layers F.Cu F.Paste F.Mask) (roundrect_rratio 0.25)
      (net 5 /GPIO_13))
    (model ${KISYS3DMOD}/Capacitor_SMD.3dshapes/C_0805_2012Metric.wrl
      (at (xyz 0 0 0))
      (scale (xyz 1 1 1))
      (rotate (xyz 0 0 0))
    )
  )

  (module Capacitor_SMD:C_0805_2012Metric (layer F.Cu) (tedit 5B36C52B) (tstamp 5DCBC563)
    (at 38.82 53.3575 90)
    (descr "Capacitor SMD 0805 (2012 Metric), square (rectangular) end terminal, IPC_7351 nominal, (Body size source: https://docs.google.com/spreadsheets/d/1BsfQQcO9C6DZCsRaXUlFlo91Tg2WpOkGARC1WS5S8t0/edit?usp=sharing), generated with kicad-footprint-generator")
    (tags capacitor)
    (path /5DB3959C)
    (attr smd)
    (fp_text reference C-SWITCH1 (at 0 -1.65 90) (layer F.SilkS)
      (effects (font (size 1 1) (thickness 0.15)))
    )
    (fp_text value C (at 0 1.65 90) (layer F.Fab)
      (effects (font (size 1 1) (thickness 0.15)))
    )
    (fp_text user %R (at 0 0 90) (layer F.Fab)
      (effects (font (size 0.5 0.5) (thickness 0.08)))
    )
    (fp_line (start 1.68 0.95) (end -1.68 0.95) (layer F.CrtYd) (width 0.05))
    (fp_line (start 1.68 -0.95) (end 1.68 0.95) (layer F.CrtYd) (width 0.05))
    (fp_line (start -1.68 -0.95) (end 1.68 -0.95) (layer F.CrtYd) (width 0.05))
    (fp_line (start -1.68 0.95) (end -1.68 -0.95) (layer F.CrtYd) (width 0.05))
    (fp_line (start -0.258578 0.71) (end 0.258578 0.71) (layer F.SilkS) (width 0.12))
    (fp_line (start -0.258578 -0.71) (end 0.258578 -0.71) (layer F.SilkS) (width 0.12))
    (fp_line (start 1 0.6) (end -1 0.6) (layer F.Fab) (width 0.1))
    (fp_line (start 1 -0.6) (end 1 0.6) (layer F.Fab) (width 0.1))
    (fp_line (start -1 -0.6) (end 1 -0.6) (layer F.Fab) (width 0.1))
    (fp_line (start -1 0.6) (end -1 -0.6) (layer F.Fab) (width 0.1))
    (pad 2 smd roundrect (at 0.9375 0 90) (size 0.975 1.4) (layers F.Cu F.Paste F.Mask) (roundrect_rratio 0.25)
      (net 2 GND))
    (pad 1 smd roundrect (at -0.9375 0 90) (size 0.975 1.4) (layers F.Cu F.Paste F.Mask) (roundrect_rratio 0.25)
      (net 21 /GPIO_14))
    (model ${KISYS3DMOD}/Capacitor_SMD.3dshapes/C_0805_2012Metric.wrl
      (at (xyz 0 0 0))
      (scale (xyz 1 1 1))
      (rotate (xyz 0 0 0))
    )
  )

  (module solder_pads:solderpads_1x2 (layer F.Cu) (tedit 5DB349E7) (tstamp 5DCBC56F)
    (at 35.92 61.04 90)
    (path /5DB3A58C)
    (attr smd)
    (fp_text reference J-MAGNET1 (at 1.27 1.27 90) (layer F.SilkS)
      (effects (font (size 1 1) (thickness 0.15)))
    )
    (fp_text value Conn_01x02_Male (at 0 0 90) (layer F.Fab)
      (effects (font (size 1 1) (thickness 0.15)))
    )
    (fp_line (start -3.81 2.54) (end 3.81 2.54) (layer F.SilkS) (width 0.15))
    (fp_line (start 3.81 2.54) (end 3.81 7.62) (layer F.SilkS) (width 0.15))
    (fp_line (start 3.81 7.62) (end -3.81 7.62) (layer F.SilkS) (width 0.15))
    (fp_line (start -3.81 7.62) (end -5.08 7.62) (layer F.SilkS) (width 0.15))
    (fp_line (start -5.08 7.62) (end -5.08 2.54) (layer F.SilkS) (width 0.15))
    (fp_line (start -5.08 2.54) (end -3.81 2.54) (layer F.SilkS) (width 0.15))
    (pad 1 smd circle (at -2.54 5.08 90) (size 2.5 2.5) (layers F.Cu F.Paste F.Mask)
      (net 3 /GPIO_12))
    (pad 2 smd circle (at 1.27 5.08 90) (size 2.5 2.5) (layers F.Cu F.Paste F.Mask)
      (net 2 GND))
  )

  (module solder_pads:solderpads_1x3 (layer F.Cu) (tedit 5DB34A38) (tstamp 5DCBC57B)
    (at 56.52 66.3)
    (path /5DB3E48F)
    (fp_text reference J-PIR1 (at 0 0.5) (layer F.SilkS)
      (effects (font (size 1 1) (thickness 0.15)))
    )
    (fp_text value Conn_01x03_Male (at 0 -0.5) (layer F.Fab)
      (effects (font (size 1 1) (thickness 0.15)))
    )
    (fp_line (start -6.35 2.54) (end 5.08 2.54) (layer F.SilkS) (width 0.15))
    (fp_line (start 5.08 2.54) (end 5.08 7.62) (layer F.SilkS) (width 0.15))
    (fp_line (start 5.08 7.62) (end -7.62 7.62) (layer F.SilkS) (width 0.15))
    (fp_line (start -7.62 7.62) (end -7.62 2.54) (layer F.SilkS) (width 0.15))
    (fp_line (start -7.62 2.54) (end -6.35 2.54) (layer F.SilkS) (width 0.15))
    (pad 1 smd circle (at -5.08 5.08) (size 2.5 2.5) (layers F.Cu F.Paste F.Mask)
      (net 4 VDD))
    (pad 2 smd circle (at -1.27 5.08) (size 2.5 2.5) (layers F.Cu F.Paste F.Mask)
      (net 5 /GPIO_13))
    (pad 3 smd circle (at 2.54 5.08) (size 2.5 2.5) (layers F.Cu F.Paste F.Mask)
      (net 2 GND))
  )

  (module solder_pads:solderpads_1x4 (layer F.Cu) (tedit 5DB34A6B) (tstamp 5DCBC587)
    (at 55.405 34.84)
    (path /5DB364CA)
    (fp_text reference J-UART1 (at 0 0.5) (layer F.SilkS)
      (effects (font (size 1 1) (thickness 0.15)))
    )
    (fp_text value Conn_01x04_Male (at 0 -0.5) (layer F.Fab)
      (effects (font (size 1 1) (thickness 0.15)))
    )
    (fp_line (start -7.62 2.54) (end 8.89 2.54) (layer F.SilkS) (width 0.15))
    (fp_line (start 8.89 2.54) (end 8.89 7.62) (layer F.SilkS) (width 0.15))
    (fp_line (start 8.89 7.62) (end -7.62 7.62) (layer F.SilkS) (width 0.15))
    (fp_line (start -7.62 7.62) (end -7.62 2.54) (layer F.SilkS) (width 0.15))
    (pad 1 smd circle (at -5.08 5.08) (size 2.5 2.5) (layers F.Cu F.Paste F.Mask)
      (net 4 VDD))
    (pad 2 smd circle (at -1.27 5.08) (size 2.5 2.5) (layers F.Cu F.Paste F.Mask)
      (net 2 GND))
    (pad 3 smd circle (at 2.54 5.08) (size 2.5 2.5) (layers F.Cu F.Paste F.Mask)
      (net 6 /RX))
    (pad 4 smd circle (at 6.35 5.08) (size 2.5 2.5) (layers F.Cu F.Paste F.Mask)
      (net 7 /TX))
  )

  (module Resistor_SMD:R_0805_2012Metric (layer F.Cu) (tedit 5B36C52B) (tstamp 5DCBC598)
    (at 67.2575 59.46 180)
    (descr "Resistor SMD 0805 (2012 Metric), square (rectangular) end terminal, IPC_7351 nominal, (Body size source: https://docs.google.com/spreadsheets/d/1BsfQQcO9C6DZCsRaXUlFlo91Tg2WpOkGARC1WS5S8t0/edit?usp=sharing), generated with kicad-footprint-generator")
    (tags resistor)
    (path /5DB331A4)
    (attr smd)
    (fp_text reference R-BOOT1 (at 0 -1.65 180) (layer F.SilkS)
      (effects (font (size 1 1) (thickness 0.15)))
    )
    (fp_text value 10K (at 0 1.65 180) (layer F.Fab)
      (effects (font (size 1 1) (thickness 0.15)))
    )
    (fp_line (start -1 0.6) (end -1 -0.6) (layer F.Fab) (width 0.1))
    (fp_line (start -1 -0.6) (end 1 -0.6) (layer F.Fab) (width 0.1))
    (fp_line (start 1 -0.6) (end 1 0.6) (layer F.Fab) (width 0.1))
    (fp_line (start 1 0.6) (end -1 0.6) (layer F.Fab) (width 0.1))
    (fp_line (start -0.258578 -0.71) (end 0.258578 -0.71) (layer F.SilkS) (width 0.12))
    (fp_line (start -0.258578 0.71) (end 0.258578 0.71) (layer F.SilkS) (width 0.12))
    (fp_line (start -1.68 0.95) (end -1.68 -0.95) (layer F.CrtYd) (width 0.05))
    (fp_line (start -1.68 -0.95) (end 1.68 -0.95) (layer F.CrtYd) (width 0.05))
    (fp_line (start 1.68 -0.95) (end 1.68 0.95) (layer F.CrtYd) (width 0.05))
    (fp_line (start 1.68 0.95) (end -1.68 0.95) (layer F.CrtYd) (width 0.05))
    (fp_text user %R (at 0 0 180) (layer F.Fab)
      (effects (font (size 0.5 0.5) (thickness 0.08)))
    )
    (pad 1 smd roundrect (at -0.9375 0 180) (size 0.975 1.4) (layers F.Cu F.Paste F.Mask) (roundrect_rratio 0.25)
      (net 4 VDD))
    (pad 2 smd roundrect (at 0.9375 0 180) (size 0.975 1.4) (layers F.Cu F.Paste F.Mask) (roundrect_rratio 0.25)
      (net 1 /GPIO_0))
    (model ${KISYS3DMOD}/Resistor_SMD.3dshapes/R_0805_2012Metric.wrl
      (at (xyz 0 0 0))
      (scale (xyz 1 1 1))
      (rotate (xyz 0 0 0))
    )
  )

  (module Resistor_SMD:R_0805_2012Metric (layer F.Cu) (tedit 5B36C52B) (tstamp 5DCBC5A9)
    (at 67.24 61.56 180)
    (descr "Resistor SMD 0805 (2012 Metric), square (rectangular) end terminal, IPC_7351 nominal, (Body size source: https://docs.google.com/spreadsheets/d/1BsfQQcO9C6DZCsRaXUlFlo91Tg2WpOkGARC1WS5S8t0/edit?usp=sharing), generated with kicad-footprint-generator")
    (tags resistor)
    (path /5DB33101)
    (attr smd)
    (fp_text reference R-BOOT2 (at 0 -1.65 180) (layer F.SilkS)
      (effects (font (size 1 1) (thickness 0.15)))
    )
    (fp_text value 10K (at 0 1.65 180) (layer F.Fab)
      (effects (font (size 1 1) (thickness 0.15)))
    )
    (fp_text user %R (at 0 0 180) (layer F.Fab)
      (effects (font (size 0.5 0.5) (thickness 0.08)))
    )
    (fp_line (start 1.68 0.95) (end -1.68 0.95) (layer F.CrtYd) (width 0.05))
    (fp_line (start 1.68 -0.95) (end 1.68 0.95) (layer F.CrtYd) (width 0.05))
    (fp_line (start -1.68 -0.95) (end 1.68 -0.95) (layer F.CrtYd) (width 0.05))
    (fp_line (start -1.68 0.95) (end -1.68 -0.95) (layer F.CrtYd) (width 0.05))
    (fp_line (start -0.258578 0.71) (end 0.258578 0.71) (layer F.SilkS) (width 0.12))
    (fp_line (start -0.258578 -0.71) (end 0.258578 -0.71) (layer F.SilkS) (width 0.12))
    (fp_line (start 1 0.6) (end -1 0.6) (layer F.Fab) (width 0.1))
    (fp_line (start 1 -0.6) (end 1 0.6) (layer F.Fab) (width 0.1))
    (fp_line (start -1 -0.6) (end 1 -0.6) (layer F.Fab) (width 0.1))
    (fp_line (start -1 0.6) (end -1 -0.6) (layer F.Fab) (width 0.1))
    (pad 2 smd roundrect (at 0.9375 0 180) (size 0.975 1.4) (layers F.Cu F.Paste F.Mask) (roundrect_rratio 0.25)
      (net 8 "Net-(R-BOOT2-Pad2)"))
    (pad 1 smd roundrect (at -0.9375 0 180) (size 0.975 1.4) (layers F.Cu F.Paste F.Mask) (roundrect_rratio 0.25)
      (net 4 VDD))
    (model ${KISYS3DMOD}/Resistor_SMD.3dshapes/R_0805_2012Metric.wrl
      (at (xyz 0 0 0))
      (scale (xyz 1 1 1))
      (rotate (xyz 0 0 0))
    )
  )

  (module Resistor_SMD:R_0805_2012Metric (layer F.Cu) (tedit 5B36C52B) (tstamp 5DCBC5BA)
    (at 66.38 64.5025 90)
    (descr "Resistor SMD 0805 (2012 Metric), square (rectangular) end terminal, IPC_7351 nominal, (Body size source: https://docs.google.com/spreadsheets/d/1BsfQQcO9C6DZCsRaXUlFlo91Tg2WpOkGARC1WS5S8t0/edit?usp=sharing), generated with kicad-footprint-generator")
    (tags resistor)
    (path /5DB32DE7)
    (attr smd)
    (fp_text reference R-BOOT3 (at 0 -1.65 90) (layer F.SilkS)
      (effects (font (size 1 1) (thickness 0.15)))
    )
    (fp_text value 10K (at 0 1.65 90) (layer F.Fab)
      (effects (font (size 1 1) (thickness 0.15)))
    )
    (fp_line (start -1 0.6) (end -1 -0.6) (layer F.Fab) (width 0.1))
    (fp_line (start -1 -0.6) (end 1 -0.6) (layer F.Fab) (width 0.1))
    (fp_line (start 1 -0.6) (end 1 0.6) (layer F.Fab) (width 0.1))
    (fp_line (start 1 0.6) (end -1 0.6) (layer F.Fab) (width 0.1))
    (fp_line (start -0.258578 -0.71) (end 0.258578 -0.71) (layer F.SilkS) (width 0.12))
    (fp_line (start -0.258578 0.71) (end 0.258578 0.71) (layer F.SilkS) (width 0.12))
    (fp_line (start -1.68 0.95) (end -1.68 -0.95) (layer F.CrtYd) (width 0.05))
    (fp_line (start -1.68 -0.95) (end 1.68 -0.95) (layer F.CrtYd) (width 0.05))
    (fp_line (start 1.68 -0.95) (end 1.68 0.95) (layer F.CrtYd) (width 0.05))
    (fp_line (start 1.68 0.95) (end -1.68 0.95) (layer F.CrtYd) (width 0.05))
    (fp_text user %R (at 0 0 90) (layer F.Fab)
      (effects (font (size 0.5 0.5) (thickness 0.08)))
    )
    (pad 1 smd roundrect (at -0.9375 0 90) (size 0.975 1.4) (layers F.Cu F.Paste F.Mask) (roundrect_rratio 0.25)
      (net 2 GND))
    (pad 2 smd roundrect (at 0.9375 0 90) (size 0.975 1.4) (layers F.Cu F.Paste F.Mask) (roundrect_rratio 0.25)
      (net 9 "Net-(R-BOOT3-Pad2)"))
    (model ${KISYS3DMOD}/Resistor_SMD.3dshapes/R_0805_2012Metric.wrl
      (at (xyz 0 0 0))
      (scale (xyz 1 1 1))
      (rotate (xyz 0 0 0))
    )
  )

  (module Resistor_SMD:R_0805_2012Metric (layer F.Cu) (tedit 5B36C52B) (tstamp 5DCBC5CB)
    (at 44.78 51.49 180)
    (descr "Resistor SMD 0805 (2012 Metric), square (rectangular) end terminal, IPC_7351 nominal, (Body size source: https://docs.google.com/spreadsheets/d/1BsfQQcO9C6DZCsRaXUlFlo91Tg2WpOkGARC1WS5S8t0/edit?usp=sharing), generated with kicad-footprint-generator")
    (tags resistor)
    (path /5DB33B3B)
    (attr smd)
    (fp_text reference R-BOOT4 (at 0 -1.65 180) (layer F.SilkS)
      (effects (font (size 1 1) (thickness 0.15)))
    )
    (fp_text value 10K (at 0 1.65 180) (layer F.Fab)
      (effects (font (size 1 1) (thickness 0.15)))
    )
    (fp_line (start -1 0.6) (end -1 -0.6) (layer F.Fab) (width 0.1))
    (fp_line (start -1 -0.6) (end 1 -0.6) (layer F.Fab) (width 0.1))
    (fp_line (start 1 -0.6) (end 1 0.6) (layer F.Fab) (width 0.1))
    (fp_line (start 1 0.6) (end -1 0.6) (layer F.Fab) (width 0.1))
    (fp_line (start -0.258578 -0.71) (end 0.258578 -0.71) (layer F.SilkS) (width 0.12))
    (fp_line (start -0.258578 0.71) (end 0.258578 0.71) (layer F.SilkS) (width 0.12))
    (fp_line (start -1.68 0.95) (end -1.68 -0.95) (layer F.CrtYd) (width 0.05))
    (fp_line (start -1.68 -0.95) (end 1.68 -0.95) (layer F.CrtYd) (width 0.05))
    (fp_line (start 1.68 -0.95) (end 1.68 0.95) (layer F.CrtYd) (width 0.05))
    (fp_line (start 1.68 0.95) (end -1.68 0.95) (layer F.CrtYd) (width 0.05))
    (fp_text user %R (at 0 0 180) (layer F.Fab)
      (effects (font (size 0.5 0.5) (thickness 0.08)))
    )
    (pad 1 smd roundrect (at -0.9375 0 180) (size 0.975 1.4) (layers F.Cu F.Paste F.Mask) (roundrect_rratio 0.25)
      (net 10 /nRST))
    (pad 2 smd roundrect (at 0.9375 0 180) (size 0.975 1.4) (layers F.Cu F.Paste F.Mask) (roundrect_rratio 0.25)
      (net 4 VDD))
    (model ${KISYS3DMOD}/Resistor_SMD.3dshapes/R_0805_2012Metric.wrl
      (at (xyz 0 0 0))
      (scale (xyz 1 1 1))
      (rotate (xyz 0 0 0))
    )
  )

  (module Resistor_SMD:R_0805_2012Metric (layer F.Cu) (tedit 5B36C52B) (tstamp 5DCBC5DC)
    (at 44.7675 55.54 180)
    (descr "Resistor SMD 0805 (2012 Metric), square (rectangular) end terminal, IPC_7351 nominal, (Body size source: https://docs.google.com/spreadsheets/d/1BsfQQcO9C6DZCsRaXUlFlo91Tg2WpOkGARC1WS5S8t0/edit?usp=sharing), generated with kicad-footprint-generator")
    (tags resistor)
    (path /5DB33752)
    (attr smd)
    (fp_text reference R-BOOT5 (at 0 -1.65 180) (layer F.SilkS)
      (effects (font (size 1 1) (thickness 0.15)))
    )
    (fp_text value 10K (at 0 1.65 180) (layer F.Fab)
      (effects (font (size 1 1) (thickness 0.15)))
    )
    (fp_text user %R (at 0 0 180) (layer F.Fab)
      (effects (font (size 0.5 0.5) (thickness 0.08)))
    )
    (fp_line (start 1.68 0.95) (end -1.68 0.95) (layer F.CrtYd) (width 0.05))
    (fp_line (start 1.68 -0.95) (end 1.68 0.95) (layer F.CrtYd) (width 0.05))
    (fp_line (start -1.68 -0.95) (end 1.68 -0.95) (layer F.CrtYd) (width 0.05))
    (fp_line (start -1.68 0.95) (end -1.68 -0.95) (layer F.CrtYd) (width 0.05))
    (fp_line (start -0.258578 0.71) (end 0.258578 0.71) (layer F.SilkS) (width 0.12))
    (fp_line (start -0.258578 -0.71) (end 0.258578 -0.71) (layer F.SilkS) (width 0.12))
    (fp_line (start 1 0.6) (end -1 0.6) (layer F.Fab) (width 0.1))
    (fp_line (start 1 -0.6) (end 1 0.6) (layer F.Fab) (width 0.1))
    (fp_line (start -1 -0.6) (end 1 -0.6) (layer F.Fab) (width 0.1))
    (fp_line (start -1 0.6) (end -1 -0.6) (layer F.Fab) (width 0.1))
    (pad 2 smd roundrect (at 0.9375 0 180) (size 0.975 1.4) (layers F.Cu F.Paste F.Mask) (roundrect_rratio 0.25)
      (net 4 VDD))
    (pad 1 smd roundrect (at -0.9375 0 180) (size 0.975 1.4) (layers F.Cu F.Paste F.Mask) (roundrect_rratio 0.25)
      (net 11 "Net-(R-BOOT5-Pad1)"))
    (model ${KISYS3DMOD}/Resistor_SMD.3dshapes/R_0805_2012Metric.wrl
      (at (xyz 0 0 0))
      (scale (xyz 1 1 1))
      (rotate (xyz 0 0 0))
    )
  )

  (module Resistor_SMD:R_0805_2012Metric (layer F.Cu) (tedit 5B36C52B) (tstamp 5DCBC5ED)
    (at 44.5875 61.61 180)
    (descr "Resistor SMD 0805 (2012 Metric), square (rectangular) end terminal, IPC_7351 nominal, (Body size source: https://docs.google.com/spreadsheets/d/1BsfQQcO9C6DZCsRaXUlFlo91Tg2WpOkGARC1WS5S8t0/edit?usp=sharing), generated with kicad-footprint-generator")
    (tags resistor)
    (path /5DB3C04C)
    (attr smd)
    (fp_text reference R-MAGNET1 (at 0 -1.65 180) (layer F.SilkS)
      (effects (font (size 1 1) (thickness 0.15)))
    )
    (fp_text value 10K (at 0 1.65 180) (layer F.Fab)
      (effects (font (size 1 1) (thickness 0.15)))
    )
    (fp_text user %R (at 0 0 180) (layer F.Fab)
      (effects (font (size 0.5 0.5) (thickness 0.08)))
    )
    (fp_line (start 1.68 0.95) (end -1.68 0.95) (layer F.CrtYd) (width 0.05))
    (fp_line (start 1.68 -0.95) (end 1.68 0.95) (layer F.CrtYd) (width 0.05))
    (fp_line (start -1.68 -0.95) (end 1.68 -0.95) (layer F.CrtYd) (width 0.05))
    (fp_line (start -1.68 0.95) (end -1.68 -0.95) (layer F.CrtYd) (width 0.05))
    (fp_line (start -0.258578 0.71) (end 0.258578 0.71) (layer F.SilkS) (width 0.12))
    (fp_line (start -0.258578 -0.71) (end 0.258578 -0.71) (layer F.SilkS) (width 0.12))
    (fp_line (start 1 0.6) (end -1 0.6) (layer F.Fab) (width 0.1))
    (fp_line (start 1 -0.6) (end 1 0.6) (layer F.Fab) (width 0.1))
    (fp_line (start -1 -0.6) (end 1 -0.6) (layer F.Fab) (width 0.1))
    (fp_line (start -1 0.6) (end -1 -0.6) (layer F.Fab) (width 0.1))
    (pad 2 smd roundrect (at 0.9375 0 180) (size 0.975 1.4) (layers F.Cu F.Paste F.Mask) (roundrect_rratio 0.25)
      (net 4 VDD))
    (pad 1 smd roundrect (at -0.9375 0 180) (size 0.975 1.4) (layers F.Cu F.Paste F.Mask) (roundrect_rratio 0.25)
      (net 3 /GPIO_12))
    (model ${KISYS3DMOD}/Resistor_SMD.3dshapes/R_0805_2012Metric.wrl
      (at (xyz 0 0 0))
      (scale (xyz 1 1 1))
      (rotate (xyz 0 0 0))
    )
  )

  (module Resistor_SMD:R_0805_2012Metric (layer F.Cu) (tedit 5B36C52B) (tstamp 5DCBC5FE)
    (at 44.6325 64.89)
    (descr "Resistor SMD 0805 (2012 Metric), square (rectangular) end terminal, IPC_7351 nominal, (Body size source: https://docs.google.com/spreadsheets/d/1BsfQQcO9C6DZCsRaXUlFlo91Tg2WpOkGARC1WS5S8t0/edit?usp=sharing), generated with kicad-footprint-generator")
    (tags resistor)
    (path /5DB40212)
    (attr smd)
    (fp_text reference R-PIR1 (at 0 -1.65) (layer F.SilkS)
      (effects (font (size 1 1) (thickness 0.15)))
    )
    (fp_text value 10K (at 0 1.65) (layer F.Fab)
      (effects (font (size 1 1) (thickness 0.15)))
    )
    (fp_line (start -1 0.6) (end -1 -0.6) (layer F.Fab) (width 0.1))
    (fp_line (start -1 -0.6) (end 1 -0.6) (layer F.Fab) (width 0.1))
    (fp_line (start 1 -0.6) (end 1 0.6) (layer F.Fab) (width 0.1))
    (fp_line (start 1 0.6) (end -1 0.6) (layer F.Fab) (width 0.1))
    (fp_line (start -0.258578 -0.71) (end 0.258578 -0.71) (layer F.SilkS) (width 0.12))
    (fp_line (start -0.258578 0.71) (end 0.258578 0.71) (layer F.SilkS) (width 0.12))
    (fp_line (start -1.68 0.95) (end -1.68 -0.95) (layer F.CrtYd) (width 0.05))
    (fp_line (start -1.68 -0.95) (end 1.68 -0.95) (layer F.CrtYd) (width 0.05))
    (fp_line (start 1.68 -0.95) (end 1.68 0.95) (layer F.CrtYd) (width 0.05))
    (fp_line (start 1.68 0.95) (end -1.68 0.95) (layer F.CrtYd) (width 0.05))
    (fp_text user %R (at 0 0) (layer F.Fab)
      (effects (font (size 0.5 0.5) (thickness 0.08)))
    )
    (pad 1 smd roundrect (at -0.9375 0) (size 0.975 1.4) (layers F.Cu F.Paste F.Mask) (roundrect_rratio 0.25)
      (net 4 VDD))
    (pad 2 smd roundrect (at 0.9375 0) (size 0.975 1.4) (layers F.Cu F.Paste F.Mask) (roundrect_rratio 0.25)
      (net 5 /GPIO_13))
    (model ${KISYS3DMOD}/Resistor_SMD.3dshapes/R_0805_2012Metric.wrl
      (at (xyz 0 0 0))
      (scale (xyz 1 1 1))
      (rotate (xyz 0 0 0))
    )
  )

  (module Resistor_SMD:R_0805_2012Metric (layer F.Cu) (tedit 5B36C52B) (tstamp 5DCBC60F)
    (at 44.5575 58.6 180)
    (descr "Resistor SMD 0805 (2012 Metric), square (rectangular) end terminal, IPC_7351 nominal, (Body size source: https://docs.google.com/spreadsheets/d/1BsfQQcO9C6DZCsRaXUlFlo91Tg2WpOkGARC1WS5S8t0/edit?usp=sharing), generated with kicad-footprint-generator")
    (tags resistor)
    (path /5DB36EB9)
    (attr smd)
    (fp_text reference R-SWITCH1 (at 0 -1.65 180) (layer F.SilkS)
      (effects (font (size 1 1) (thickness 0.15)))
    )
    (fp_text value 10K (at 0 1.65 180) (layer F.Fab)
      (effects (font (size 1 1) (thickness 0.15)))
    )
    (fp_text user %R (at 0 0 180) (layer F.Fab)
      (effects (font (size 0.5 0.5) (thickness 0.08)))
    )
    (fp_line (start 1.68 0.95) (end -1.68 0.95) (layer F.CrtYd) (width 0.05))
    (fp_line (start 1.68 -0.95) (end 1.68 0.95) (layer F.CrtYd) (width 0.05))
    (fp_line (start -1.68 -0.95) (end 1.68 -0.95) (layer F.CrtYd) (width 0.05))
    (fp_line (start -1.68 0.95) (end -1.68 -0.95) (layer F.CrtYd) (width 0.05))
    (fp_line (start -0.258578 0.71) (end 0.258578 0.71) (layer F.SilkS) (width 0.12))
    (fp_line (start -0.258578 -0.71) (end 0.258578 -0.71) (layer F.SilkS) (width 0.12))
    (fp_line (start 1 0.6) (end -1 0.6) (layer F.Fab) (width 0.1))
    (fp_line (start 1 -0.6) (end 1 0.6) (layer F.Fab) (width 0.1))
    (fp_line (start -1 -0.6) (end 1 -0.6) (layer F.Fab) (width 0.1))
    (fp_line (start -1 0.6) (end -1 -0.6) (layer F.Fab) (width 0.1))
    (pad 2 smd roundrect (at 0.9375 0 180) (size 0.975 1.4) (layers F.Cu F.Paste F.Mask) (roundrect_rratio 0.25)
      (net 4 VDD))
    (pad 1 smd roundrect (at -0.9375 0 180) (size 0.975 1.4) (layers F.Cu F.Paste F.Mask) (roundrect_rratio 0.25)
      (net 21 /GPIO_14))
    (model ${KISYS3DMOD}/Resistor_SMD.3dshapes/R_0805_2012Metric.wrl
      (at (xyz 0 0 0))
      (scale (xyz 1 1 1))
      (rotate (xyz 0 0 0))
    )
  )

  (module Button_Switch_SMD:SW_SPST_B3U-1000P-B (layer F.Cu) (tedit 5A02FC95) (tstamp 5DCBC626)
    (at 68.01 53.92)
    (descr "Ultra-small-sized Tactile Switch with High Contact Reliability, Top-actuated Model, without Ground Terminal, with Boss")
    (tags "Tactile Switch")
    (path /5DB345A2)
    (attr smd)
    (fp_text reference SW-BOOT1 (at 0 -2.5) (layer F.SilkS)
      (effects (font (size 1 1) (thickness 0.15)))
    )
    (fp_text value SW_Push (at 0 2.5) (layer F.Fab)
      (effects (font (size 1 1) (thickness 0.15)))
    )
    (fp_text user %R (at 0 -2.5) (layer F.Fab)
      (effects (font (size 1 1) (thickness 0.15)))
    )
    (fp_line (start -2.4 1.65) (end 2.4 1.65) (layer F.CrtYd) (width 0.05))
    (fp_line (start 2.4 1.65) (end 2.4 -1.65) (layer F.CrtYd) (width 0.05))
    (fp_line (start 2.4 -1.65) (end -2.4 -1.65) (layer F.CrtYd) (width 0.05))
    (fp_line (start -2.4 -1.65) (end -2.4 1.65) (layer F.CrtYd) (width 0.05))
    (fp_line (start -1.65 1.1) (end -1.65 1.4) (layer F.SilkS) (width 0.12))
    (fp_line (start -1.65 1.4) (end 1.65 1.4) (layer F.SilkS) (width 0.12))
    (fp_line (start 1.65 1.4) (end 1.65 1.1) (layer F.SilkS) (width 0.12))
    (fp_line (start -1.65 -1.1) (end -1.65 -1.4) (layer F.SilkS) (width 0.12))
    (fp_line (start -1.65 -1.4) (end 1.65 -1.4) (layer F.SilkS) (width 0.12))
    (fp_line (start 1.65 -1.4) (end 1.65 -1.1) (layer F.SilkS) (width 0.12))
    (fp_line (start -1.5 -1.25) (end 1.5 -1.25) (layer F.Fab) (width 0.1))
    (fp_line (start 1.5 -1.25) (end 1.5 1.25) (layer F.Fab) (width 0.1))
    (fp_line (start 1.5 1.25) (end -1.5 1.25) (layer F.Fab) (width 0.1))
    (fp_line (start -1.5 1.25) (end -1.5 -1.25) (layer F.Fab) (width 0.1))
    (fp_circle (center 0 0) (end 0.75 0) (layer F.Fab) (width 0.1))
    (pad 1 smd rect (at -1.7 0) (size 0.9 1.7) (layers F.Cu F.Paste F.Mask)
      (net 1 /GPIO_0))
    (pad 2 smd rect (at 1.7 0) (size 0.9 1.7) (layers F.Cu F.Paste F.Mask)
      (net 2 GND))
    (pad "" np_thru_hole circle (at 0 0) (size 0.8 0.8) (drill 0.8) (layers *.Cu *.Mask))
    (model ${KISYS3DMOD}/Button_Switch_SMD.3dshapes/SW_SPST_B3U-1000P-B.wrl
      (at (xyz 0 0 0))
      (scale (xyz 1 1 1))
      (rotate (xyz 0 0 0))
    )
  )

  (module Button_Switch_SMD:SW_SPST_B3U-1000P-B (layer F.Cu) (tedit 5A02FC95) (tstamp 5DCBC63D)
    (at 41.36 53.11 90)
    (descr "Ultra-small-sized Tactile Switch with High Contact Reliability, Top-actuated Model, without Ground Terminal, with Boss")
    (tags "Tactile Switch")
    (path /5DB3958C)
    (attr smd)
    (fp_text reference SW-SWITCH1 (at 0 -2.5 90) (layer F.SilkS)
      (effects (font (size 1 1) (thickness 0.15)))
    )
    (fp_text value SW_Push (at 0 2.5 90) (layer F.Fab)
      (effects (font (size 1 1) (thickness 0.15)))
    )
    (fp_circle (center 0 0) (end 0.75 0) (layer F.Fab) (width 0.1))
    (fp_line (start -1.5 1.25) (end -1.5 -1.25) (layer F.Fab) (width 0.1))
    (fp_line (start 1.5 1.25) (end -1.5 1.25) (layer F.Fab) (width 0.1))
    (fp_line (start 1.5 -1.25) (end 1.5 1.25) (layer F.Fab) (width 0.1))
    (fp_line (start -1.5 -1.25) (end 1.5 -1.25) (layer F.Fab) (width 0.1))
    (fp_line (start 1.65 -1.4) (end 1.65 -1.1) (layer F.SilkS) (width 0.12))
    (fp_line (start -1.65 -1.4) (end 1.65 -1.4) (layer F.SilkS) (width 0.12))
    (fp_line (start -1.65 -1.1) (end -1.65 -1.4) (layer F.SilkS) (width 0.12))
    (fp_line (start 1.65 1.4) (end 1.65 1.1) (layer F.SilkS) (width 0.12))
    (fp_line (start -1.65 1.4) (end 1.65 1.4) (layer F.SilkS) (width 0.12))
    (fp_line (start -1.65 1.1) (end -1.65 1.4) (layer F.SilkS) (width 0.12))
    (fp_line (start -2.4 -1.65) (end -2.4 1.65) (layer F.CrtYd) (width 0.05))
    (fp_line (start 2.4 -1.65) (end -2.4 -1.65) (layer F.CrtYd) (width 0.05))
    (fp_line (start 2.4 1.65) (end 2.4 -1.65) (layer F.CrtYd) (width 0.05))
    (fp_line (start -2.4 1.65) (end 2.4 1.65) (layer F.CrtYd) (width 0.05))
    (fp_text user %R (at 0 -2.5 90) (layer F.Fab)
      (effects (font (size 1 1) (thickness 0.15)))
    )
    (pad "" np_thru_hole circle (at 0 0 90) (size 0.8 0.8) (drill 0.8) (layers *.Cu *.Mask))
    (pad 2 smd rect (at 1.7 0 90) (size 0.9 1.7) (layers F.Cu F.Paste F.Mask)
      (net 2 GND))
    (pad 1 smd rect (at -1.7 0 90) (size 0.9 1.7) (layers F.Cu F.Paste F.Mask)
      (net 21 /GPIO_14))
    (model ${KISYS3DMOD}/Button_Switch_SMD.3dshapes/SW_SPST_B3U-1000P-B.wrl
      (at (xyz 0 0 0))
      (scale (xyz 1 1 1))
      (rotate (xyz 0 0 0))
    )
  )

  (module ESP8266:ESP-12E (layer F.Cu) (tedit 58B47889) (tstamp 5DCBC66B)
    (at 48.955 51.565)
    (descr "Module, ESP-8266, ESP-12, 16 pad, SMD")
    (tags "Module ESP-8266 ESP8266")
    (path /5DB32045)
    (fp_text reference U1 (at 6.35 2.54) (layer F.SilkS)
      (effects (font (size 1 1) (thickness 0.15)))
    )
    (fp_text value ESP-12E (at 6.35 6.35) (layer F.Fab) hide
      (effects (font (size 1 1) (thickness 0.15)))
    )
    (fp_line (start -2.25 -0.5) (end -2.25 -8.75) (layer F.CrtYd) (width 0.05))
    (fp_line (start -2.25 -8.75) (end 15.25 -8.75) (layer F.CrtYd) (width 0.05))
    (fp_line (start 15.25 -8.75) (end 16.25 -8.75) (layer F.CrtYd) (width 0.05))
    (fp_line (start 16.25 -8.75) (end 16.25 16) (layer F.CrtYd) (width 0.05))
    (fp_line (start 16.25 16) (end -2.25 16) (layer F.CrtYd) (width 0.05))
    (fp_line (start -2.25 16) (end -2.25 -0.5) (layer F.CrtYd) (width 0.05))
    (fp_line (start -1.016 -8.382) (end 14.986 -8.382) (layer F.CrtYd) (width 0.1524))
    (fp_line (start 14.986 -8.382) (end 14.986 -0.889) (layer F.CrtYd) (width 0.1524))
    (fp_line (start -1.016 -8.382) (end -1.016 -1.016) (layer F.CrtYd) (width 0.1524))
    (fp_line (start -1.016 14.859) (end -1.016 15.621) (layer F.SilkS) (width 0.1524))
    (fp_line (start -1.016 15.621) (end 14.986 15.621) (layer F.SilkS) (width 0.1524))
    (fp_line (start 14.986 15.621) (end 14.986 14.859) (layer F.SilkS) (width 0.1524))
    (fp_line (start 14.992 -8.4) (end -1.008 -2.6) (layer F.CrtYd) (width 0.1524))
    (fp_line (start -1.008 -8.4) (end 14.992 -2.6) (layer F.CrtYd) (width 0.1524))
    (fp_text user "No Copper" (at 6.892 -5.4) (layer F.CrtYd)
      (effects (font (size 1 1) (thickness 0.15)))
    )
    (fp_line (start -1.008 -2.6) (end 14.992 -2.6) (layer F.CrtYd) (width 0.1524))
    (fp_line (start 15 -8.4) (end 15 15.6) (layer F.Fab) (width 0.05))
    (fp_line (start 14.992 15.6) (end -1.008 15.6) (layer F.Fab) (width 0.05))
    (fp_line (start -1.008 15.6) (end -1.008 -8.4) (layer F.Fab) (width 0.05))
    (fp_line (start -1.008 -8.4) (end 14.992 -8.4) (layer F.Fab) (width 0.05))
    (pad 1 thru_hole rect (at 0 0) (size 2.5 1.1) (drill 0.65 (offset -0.7 0)) (layers *.Cu *.Mask F.SilkS)
      (net 10 /nRST))
    (pad 2 thru_hole oval (at 0 2) (size 2.5 1.1) (drill 0.65 (offset -0.7 0)) (layers *.Cu *.Mask F.SilkS)
      (net 12 "Net-(U1-Pad2)"))
    (pad 3 thru_hole oval (at 0 4) (size 2.5 1.1) (drill 0.65 (offset -0.7 0)) (layers *.Cu *.Mask F.SilkS)
      (net 11 "Net-(R-BOOT5-Pad1)"))
    (pad 4 thru_hole oval (at 0 6) (size 2.5 1.1) (drill 0.65 (offset -0.7 0)) (layers *.Cu *.Mask F.SilkS)
      (net 10 /nRST))
    (pad 5 thru_hole oval (at 0 8) (size 2.5 1.1) (drill 0.65 (offset -0.7 0)) (layers *.Cu *.Mask F.SilkS)
      (net 21 /GPIO_14))
    (pad 6 thru_hole oval (at 0 10) (size 2.5 1.1) (drill 0.65 (offset -0.7 0)) (layers *.Cu *.Mask F.SilkS)
      (net 3 /GPIO_12))
    (pad 7 thru_hole oval (at 0 12) (size 2.5 1.1) (drill 0.65 (offset -0.7 0)) (layers *.Cu *.Mask F.SilkS)
      (net 5 /GPIO_13))
    (pad 8 thru_hole oval (at 0 14) (size 2.5 1.1) (drill 0.65 (offset -0.7 0)) (layers *.Cu *.Mask F.SilkS)
      (net 4 VDD))
    (pad 9 thru_hole oval (at 14 14) (size 2.5 1.1) (drill 0.65 (offset 0.7 0)) (layers *.Cu *.Mask F.SilkS)
      (net 2 GND))
    (pad 10 thru_hole oval (at 14 12) (size 2.5 1.1) (drill 0.65 (offset 0.6 0)) (layers *.Cu *.Mask F.SilkS)
      (net 9 "Net-(R-BOOT3-Pad2)"))
    (pad 11 thru_hole oval (at 14 10) (size 2.5 1.1) (drill 0.65 (offset 0.7 0)) (layers *.Cu *.Mask F.SilkS)
      (net 8 "Net-(R-BOOT2-Pad2)"))
    (pad 12 thru_hole oval (at 14 8) (size 2.5 1.1) (drill 0.65 (offset 0.7 0)) (layers *.Cu *.Mask F.SilkS)
      (net 1 /GPIO_0))
    (pad 13 thru_hole oval (at 14 6) (size 2.5 1.1) (drill 0.65 (offset 0.7 0)) (layers *.Cu *.Mask F.SilkS)
      (net 13 "Net-(U1-Pad13)"))
    (pad 14 thru_hole oval (at 14 4) (size 2.5 1.1) (drill 0.65 (offset 0.7 0)) (layers *.Cu *.Mask F.SilkS)
      (net 14 "Net-(U1-Pad14)"))
    (pad 15 thru_hole oval (at 14 2) (size 2.5 1.1) (drill 0.65 (offset 0.7 0)) (layers *.Cu *.Mask F.SilkS)
      (net 6 /RX))
    (pad 16 thru_hole oval (at 14 0) (size 2.5 1.1) (drill 0.65 (offset 0.7 0)) (layers *.Cu *.Mask F.SilkS)
      (net 7 /TX))
    (pad 17 thru_hole oval (at 1.99 15 90) (size 2.5 1.1) (drill 0.65 (offset -0.7 0)) (layers *.Cu *.Mask F.SilkS)
      (net 15 "Net-(U1-Pad17)"))
    (pad 18 thru_hole oval (at 3.99 15 90) (size 2.5 1.1) (drill 0.65 (offset -0.7 0)) (layers *.Cu *.Mask F.SilkS)
      (net 16 "Net-(U1-Pad18)"))
    (pad 19 thru_hole oval (at 5.99 15 90) (size 2.5 1.1) (drill 0.65 (offset -0.7 0)) (layers *.Cu *.Mask F.SilkS)
      (net 17 "Net-(U1-Pad19)"))
    (pad 20 thru_hole oval (at 7.99 15 90) (size 2.5 1.1) (drill 0.65 (offset -0.7 0)) (layers *.Cu *.Mask F.SilkS)
      (net 18 "Net-(U1-Pad20)"))
    (pad 21 thru_hole oval (at 9.99 15 90) (size 2.5 1.1) (drill 0.65 (offset -0.7 0)) (layers *.Cu *.Mask F.SilkS)
      (net 19 "Net-(U1-Pad21)"))
    (pad 22 thru_hole oval (at 11.99 15 90) (size 2.5 1.1) (drill 0.65 (offset -0.7 0)) (layers *.Cu *.Mask F.SilkS)
      (net 20 "Net-(U1-Pad22)"))
